<?xml version="1.0" encoding="utf-8"?>
<ASSIMP format_id="1">

<!-- XML Model dump produced by assimp dump
  Library version: 4.1.20154279
  Source: C:\Users\Home\Desktop\SkeletalAnimation\data\miku_bones.fbx
  Command line: 
  Tue Nov  9 15:37:44 2021

--> 

<Scene flags="1" postprocessing="0">
<Node name="RootNode"> 
	<Matrix4> 
		 1.000000  0.000000  0.000000  0.000000
		 0.000000  1.000000  0.000000  0.000000
		 0.000000  0.000000  1.000000  0.000000
		 0.000000  0.000000  0.000000  1.000000
	</Matrix4> 
	<NodeList num="1">
		<Node name="Armature"> 
			<Matrix4> 
				 0.366360  0.000000  0.000000  0.000000
				 0.000000 -0.000000  0.366360  2.380964
				 0.000000 -0.366360 -0.000000  0.000000
				 0.000000  0.000000  0.000000  1.000000
			</Matrix4> 
			<NodeList num="1">
				<Node name="Rib.Bone"> 
					<Matrix4> 
						 1.000000  0.000000  0.000000  0.000000
						 0.000000 -0.000000 -1.000000  0.000000
						 0.000000  1.000000 -0.000000  0.068178
						 0.000000  0.000000  0.000000  1.000000
					</Matrix4> 
					<NodeList num="2">
						<Node name="Back.Bone"> 
							<Matrix4> 
								 0.999998 -0.001327  0.001295  0.000000
								 0.001340  0.999946 -0.010283  1.096617
								-0.001282  0.010285  0.999946  0.000000
								 0.000000  0.000000  0.000000  1.000000
							</Matrix4> 
							<NodeList num="3">
								<Node name="Neck.Bone"> 
									<Matrix4> 
										 0.999925  0.012021  0.002228 -0.000000
										-0.011872  0.998250 -0.057929  1.138616
										-0.002920  0.057898  0.998318  0.000000
										 0.000000  0.000000  0.000000  1.000000
									</Matrix4> 
									<NodeList num="1">
										<Node name="Head.Bone"> 
											<Matrix4> 
												 0.999636 -0.026925 -0.001277  0.000000
												 0.026571  0.976289  0.214834  0.327169
												-0.004537 -0.214789  0.976650  0.000000
												 0.000000  0.000000  0.000000  1.000000
											</Matrix4> 
											<NodeList num="2">
												<Node name="Right.Pigtail.Base.Bone"> 
													<Matrix4> 
														-0.876533 -0.295244  0.380160 -0.840548
														 0.112467 -0.893552 -0.434644  1.695408
														 0.468019 -0.338224  0.816433 -0.492020
														 0.000000  0.000000  0.000000  1.000000
													</Matrix4> 
													<NodeList num="3">
														<Node name="Right.Pigtail.Upper.Bone"> 
															<Matrix4> 
																 0.998813 -0.040348 -0.027286  0.000000
																 0.037675  0.995022 -0.092263  1.412073
																 0.030873  0.091125  0.995361  0.000000
																 0.000000  0.000000  0.000000  1.000000
															</Matrix4> 
															<NodeList num="1">
																<Node name="Right.Pigtail.Upper.Bone.001"> 
																	<Matrix4> 
																		 0.999717 -0.023230 -0.005117  0.000000
																		 0.023184  0.999692 -0.008870  1.312308
																		 0.005322  0.008749  0.999947 -0.000000
																		 0.000000  0.000000  0.000000  1.000000
																	</Matrix4> 
																	<NodeList num="1">
																		<Node name="Right.Pigtail.Upper.Bone.002"> 
																			<Matrix4> 
																				 0.972877 -0.227137  0.043810 -0.000000
																				 0.226555  0.897325 -0.378788  2.835513
																				 0.046725  0.378440  0.924446 -0.000000
																				 0.000000  0.000000  0.000000  1.000000
																			</Matrix4> 
																			<NodeList num="1">
																				<Node name="Right.Pigtail.Upper.Bone.003"> 
																					<Matrix4> 
																						 0.983112  0.182864  0.007170 -0.000000
																						-0.155741  0.856584 -0.491944  2.449039
																						-0.096100  0.482520  0.870597 -0.000000
																						 0.000000  0.000000  0.000000  1.000000
																					</Matrix4> 
																					<NodeList num="1">
																						<Node name="Right.Pigtail.Upper.Bone.003_end"> 
																							<Matrix4> 
																								 1.000000  0.000000  0.000000  0.000000
																								 0.000000  1.000000  0.000000  2.202222
																								 0.000000  0.000000  1.000000  0.000000
																								 0.000000  0.000000  0.000000  1.000000
																							</Matrix4> 
																						</Node>
																					</NodeList>
																				</Node>
																			</NodeList>
																		</Node>
																	</NodeList>
																</Node>
															</NodeList>
														</Node>
														<Node name="Right.Pigtail.Base.Bone.001"> 
															<Matrix4> 
																 0.996698  0.081090 -0.004219  0.000000
																-0.081174  0.993724 -0.076964  1.412073
																-0.002049  0.077052  0.997025  0.000000
																 0.000000  0.000000  0.000000  1.000000
															</Matrix4> 
															<NodeList num="1">
																<Node name="Right.Pigtail.Base.Bone.003"> 
																	<Matrix4> 
																		 0.995456 -0.095150  0.003661 -0.000000
																		 0.094180  0.978185 -0.185162  3.795794
																		 0.014037  0.184665  0.982701  0.000000
																		 0.000000  0.000000  0.000000  1.000000
																	</Matrix4> 
																	<NodeList num="1">
																		<Node name="Right.Pigtail.Base.Bone.004"> 
																			<Matrix4> 
																				 0.954353 -0.225196  0.196206  0.000000
																				 0.298519  0.740766 -0.601790  2.182167
																				-0.009822  0.632892  0.774178 -0.000000
																				 0.000000  0.000000  0.000000  1.000000
																			</Matrix4> 
																			<NodeList num="1">
																				<Node name="Right.Pigtail.Base.Bone.004_end"> 
																					<Matrix4> 
																						 1.000000  0.000000  0.000000  0.000000
																						 0.000000  1.000000  0.000000  2.225998
																						 0.000000  0.000000  1.000000  0.000000
																						 0.000000  0.000000  0.000000  1.000000
																					</Matrix4> 
																				</Node>
																			</NodeList>
																		</Node>
																	</NodeList>
																</Node>
															</NodeList>
														</Node>
														<Node name="Right.Pigtail.Base.Bone.002"> 
															<Matrix4> 
																 0.996316 -0.085442 -0.007360  0.000000
																 0.079704  0.954237 -0.288235  1.412073
																 0.031651  0.286586  0.957531  0.000000
																 0.000000  0.000000  0.000000  1.000000
															</Matrix4> 
															<NodeList num="1">
																<Node name="Right.Pigtail.Base.Bone.005"> 
																	<Matrix4> 
																		 0.956796 -0.290684  0.006677 -0.000000
																		 0.281594  0.920670 -0.270318  3.810756
																		 0.072430  0.260520  0.962748 -0.000000
																		 0.000000  0.000000  0.000000  1.000000
																	</Matrix4> 
																	<NodeList num="1">
																		<Node name="Right.Pigtail.Base.Bone.006"> 
																			<Matrix4> 
																				 0.971200  0.237811 -0.014742 -0.000000
																				-0.238253  0.969966 -0.048998  2.221094
																				 0.002647  0.051099  0.998690 -0.000000
																				 0.000000  0.000000  0.000000  1.000000
																			</Matrix4> 
																			<NodeList num="1">
																				<Node name="Right.Pigtail.Base.Bone.006_end"> 
																					<Matrix4> 
																						 1.000000  0.000000  0.000000  0.000000
																						 0.000000  1.000000  0.000000  1.903712
																						 0.000000  0.000000  1.000000  0.000000
																						 0.000000  0.000000  0.000000  1.000000
																					</Matrix4> 
																				</Node>
																			</NodeList>
																		</Node>
																	</NodeList>
																</Node>
															</NodeList>
														</Node>
													</NodeList>
												</Node>
												<Node name="Left.Pigtail.Base.Bone"> 
													<Matrix4> 
														-0.875596  0.267346 -0.402318  0.898873
														-0.082274 -0.903247 -0.421161  1.665434
														-0.475987 -0.335666  0.812875 -0.484110
														 0.000000  0.000000  0.000000  1.000000
													</Matrix4> 
													<NodeList num="3">
														<Node name="Left.Pigtail.Upper.Bone"> 
															<Matrix4> 
																 0.998813  0.040348  0.027286  0.000000
																-0.037675  0.995022 -0.092263  1.412073
																-0.030872  0.091125  0.995361  0.000000
																 0.000000  0.000000  0.000000  1.000000
															</Matrix4> 
															<NodeList num="1">
																<Node name="Left.Pigtail.Upper.Bone.001"> 
																	<Matrix4> 
																		 0.999717  0.023230  0.005117  0.000000
																		-0.023184  0.999692 -0.008870  1.312308
																		-0.005322  0.008749  0.999947 -0.000000
																		 0.000000  0.000000  0.000000  1.000000
																	</Matrix4> 
																	<NodeList num="1">
																		<Node name="Left.Pigtail.Upper.Bone.002"> 
																			<Matrix4> 
																				 0.972877  0.227137 -0.043810 -0.000000
																				-0.226555  0.897325 -0.378788  2.835512
																				-0.046725  0.378440  0.924446  0.000000
																				 0.000000  0.000000  0.000000  1.000000
																			</Matrix4> 
																			<NodeList num="1">
																				<Node name="Left.Pigtail.Upper.Bone.003"> 
																					<Matrix4> 
																						 0.978189 -0.207705  0.002065 -0.000000
																						 0.177090  0.828729 -0.530893  2.449039
																						 0.108558  0.519680  0.847436 -0.000000
																						 0.000000  0.000000  0.000000  1.000000
																					</Matrix4> 
																					<NodeList num="1">
																						<Node name="Left.Pigtail.Upper.Bone.003_end"> 
																							<Matrix4> 
																								 1.000000  0.000000  0.000000  0.000000
																								 0.000000  1.000000  0.000000  2.051826
																								 0.000000  0.000000  1.000000  0.000000
																								 0.000000  0.000000  0.000000  1.000000
																							</Matrix4> 
																						</Node>
																					</NodeList>
																				</Node>
																			</NodeList>
																		</Node>
																	</NodeList>
																</Node>
															</NodeList>
														</Node>
														<Node name="Left.Pigtail.Base.Bone.001"> 
															<Matrix4> 
																 0.996698 -0.081090  0.004219  0.000000
																 0.081174  0.993724 -0.076964  1.412073
																 0.002049  0.077052  0.997025  0.000000
																 0.000000  0.000000  0.000000  1.000000
															</Matrix4> 
															<NodeList num="1">
																<Node name="Left.Pigtail.Base.Bone.003"> 
																	<Matrix4> 
																		 0.995456  0.095150 -0.003661  0.000000
																		-0.094180  0.978185 -0.185162  3.795793
																		-0.014037  0.184665  0.982701  0.000000
																		 0.000000  0.000000  0.000000  1.000000
																	</Matrix4> 
																	<NodeList num="1">
																		<Node name="Left.Pigtail.Base.Bone.004"> 
																			<Matrix4> 
																				 0.951282  0.240723 -0.192653 -0.000000
																				-0.308320  0.745411 -0.591018  2.182167
																				 0.001334  0.621623  0.783315  0.000000
																				 0.000000  0.000000  0.000000  1.000000
																			</Matrix4> 
																			<NodeList num="1">
																				<Node name="Left.Pigtail.Base.Bone.004_end"> 
																					<Matrix4> 
																						 1.000000  0.000000  0.000000  0.000000
																						 0.000000  1.000000  0.000000  2.303232
																						 0.000000  0.000000  1.000000  0.000000
																						 0.000000  0.000000  0.000000  1.000000
																					</Matrix4> 
																				</Node>
																			</NodeList>
																		</Node>
																	</NodeList>
																</Node>
															</NodeList>
														</Node>
														<Node name="Left.Pigtail.Base.Bone.002"> 
															<Matrix4> 
																 0.996316  0.085442  0.007360  0.000000
																-0.079704  0.954237 -0.288235  1.412073
																-0.031651  0.286586  0.957531  0.000000
																 0.000000  0.000000  0.000000  1.000000
															</Matrix4> 
															<NodeList num="1">
																<Node name="Left.Pigtail.Base.Bone.005"> 
																	<Matrix4> 
																		 0.959878  0.280396 -0.003429 -0.000000
																		-0.271624  0.926671 -0.259812  3.810756
																		-0.069673  0.250319  0.965653  0.000000
																		 0.000000  0.000000  0.000000  1.000000
																	</Matrix4> 
																	<NodeList num="1">
																		<Node name="Left.Pigtail.Base.Bone.006"> 
																			<Matrix4> 
																				 0.971284 -0.236876  0.022276  0.000000
																				 0.237920  0.966762 -0.093627  2.331354
																				 0.000643  0.096238  0.995358  0.000000
																				 0.000000  0.000000  0.000000  1.000000
																			</Matrix4> 
																			<NodeList num="1">
																				<Node name="Left.Pigtail.Base.Bone.006_end"> 
																					<Matrix4> 
																						 1.000000  0.000000  0.000000  0.000000
																						 0.000000  1.000000  0.000000  1.823354
																						 0.000000  0.000000  1.000000  0.000000
																						 0.000000  0.000000  0.000000  1.000000
																					</Matrix4> 
																				</Node>
																			</NodeList>
																		</Node>
																	</NodeList>
																</Node>
															</NodeList>
														</Node>
													</NodeList>
												</Node>
											</NodeList>
										</Node>
									</NodeList>
								</Node>
								<Node name="Left.Shoulder.Bone"> 
									<Matrix4> 
										-0.298628  0.913717  0.275577 -0.000000
										-0.953932 -0.294515 -0.057216  1.138616
										 0.028883 -0.279968  0.959575  0.000000
										 0.000000  0.000000  0.000000  1.000000
									</Matrix4> 
									<NodeList num="1">
										<Node name="Left.Arm.Bone"> 
											<Matrix4> 
												 0.976788  0.210510 -0.039626  0.000000
												-0.213277  0.938547 -0.271371  0.535777
												-0.019935  0.273524  0.961659  0.000000
												 0.000000  0.000000  0.000000  1.000000
											</Matrix4> 
											<NodeList num="1">
												<Node name="Left.Forearm.Bone"> 
													<Matrix4> 
														 0.979726  0.199700  0.016012 -0.000000
														-0.199544  0.979829 -0.010862  1.332658
														-0.017859  0.007446  0.999813 -0.000000
														 0.000000  0.000000  0.000000  1.000000
													</Matrix4> 
													<NodeList num="5">
														<Node name="Left.Thumb.Bone.Base"> 
															<Matrix4> 
																 0.963198  0.263181 -0.054639 -0.000000
																-0.239165  0.746358 -0.621088  1.753180
																-0.122679  0.611298  0.781834  0.000000
																 0.000000  0.000000  0.000000  1.000000
															</Matrix4> 
															<NodeList num="1">
																<Node name="Left.Thumb.Bone"> 
																	<Matrix4> 
																		 0.980037 -0.158749  0.119692  0.000000
																		 0.116521  0.946422  0.301178  0.363230
																		-0.161090 -0.281219  0.946026  0.000000
																		 0.000000  0.000000  0.000000  1.000000
																	</Matrix4> 
																	<NodeList num="1">
																		<Node name="Left.Thumb.Bone_end"> 
																			<Matrix4> 
																				 1.000000  0.000000  0.000000  0.000000
																				 0.000000  1.000000  0.000000  0.317977
																				 0.000000  0.000000  1.000000  0.000000
																				 0.000000  0.000000  0.000000  1.000000
																			</Matrix4> 
																		</Node>
																	</NodeList>
																</Node>
															</NodeList>
														</Node>
														<Node name="Left.Index.Finger.Base"> 
															<Matrix4> 
																 0.998384 -0.056014  0.009557 -0.000000
																 0.056819  0.986191 -0.155562  1.753180
																-0.000711  0.155854  0.987780  0.000000
																 0.000000  0.000000  0.000000  1.000000
															</Matrix4> 
															<NodeList num="1">
																<Node name="Left.Index.Finger"> 
																	<Matrix4> 
																		 0.999966 -0.008199 -0.000293  0.000000
																		 0.008121  0.984100  0.177428  0.489989
																		-0.001166 -0.177424  0.984134 -0.000000
																		 0.000000  0.000000  0.000000  1.000000
																	</Matrix4> 
																	<NodeList num="1">
																		<Node name="Left.Index.Finger_end"> 
																			<Matrix4> 
																				 1.000000  0.000000  0.000000  0.000000
																				 0.000000  1.000000  0.000000  0.462370
																				 0.000000  0.000000  1.000000  0.000000
																				 0.000000  0.000000  0.000000  1.000000
																			</Matrix4> 
																		</Node>
																	</NodeList>
																</Node>
															</NodeList>
														</Node>
														<Node name="Left.MIddle.Finger.Base"> 
															<Matrix4> 
																 0.998733 -0.050321 -0.000008 -0.000000
																 0.050253  0.997369  0.052245  1.753180
																-0.002621 -0.052179  0.998634  0.000000
																 0.000000  0.000000  0.000000  1.000000
															</Matrix4> 
															<NodeList num="1">
																<Node name="Left.MIddle.Finger"> 
																	<Matrix4> 
																		 0.998884 -0.047187  0.001772 -0.000000
																		 0.047219  0.997871 -0.044994  0.519621
																		 0.000355  0.045028  0.998986 -0.000000
																		 0.000000  0.000000  0.000000  1.000000
																	</Matrix4> 
																	<NodeList num="1">
																		<Node name="Left.MIddle.Finger_end"> 
																			<Matrix4> 
																				 1.000000  0.000000  0.000000  0.000000
																				 0.000000  1.000000  0.000000  0.498318
																				 0.000000  0.000000  1.000000  0.000000
																				 0.000000  0.000000  0.000000  1.000000
																			</Matrix4> 
																		</Node>
																	</NodeList>
																</Node>
															</NodeList>
														</Node>
														<Node name="Left.Ring.Finger.Base"> 
															<Matrix4> 
																 0.999584 -0.002550  0.028736 -0.000000
																-0.004552  0.969669  0.244379  1.753180
																-0.028488 -0.244408  0.969254  0.000000
																 0.000000  0.000000  0.000000  1.000000
															</Matrix4> 
															<NodeList num="1">
																<Node name="Left.Ring.Finger"> 
																	<Matrix4> 
																		 0.994742 -0.100834 -0.017903  0.000000
																		 0.092728  0.961023 -0.260454  0.507556
																		 0.043468  0.257424  0.965320 -0.000000
																		 0.000000  0.000000  0.000000  1.000000
																	</Matrix4> 
																	<NodeList num="1">
																		<Node name="Left.Ring.Finger_end"> 
																			<Matrix4> 
																				 1.000000  0.000000  0.000000  0.000000
																				 0.000000  1.000000  0.000000  0.460391
																				 0.000000  0.000000  1.000000  0.000000
																				 0.000000  0.000000  0.000000  1.000000
																			</Matrix4> 
																		</Node>
																	</NodeList>
																</Node>
															</NodeList>
														</Node>
														<Node name="Lefft.Small.Finger.Base"> 
															<Matrix4> 
																 0.998316  0.040831 -0.041218 -0.000000
																-0.021530  0.920421  0.390334  1.753180
																 0.053876 -0.388789  0.919750  0.000000
																 0.000000  0.000000  0.000000  1.000000
															</Matrix4> 
															<NodeList num="1">
																<Node name="Lefft.Small.Finger"> 
																	<Matrix4> 
																		 0.986371 -0.150496 -0.066509  0.000000
																		 0.110627  0.905807 -0.408992  0.552356
																		 0.121797  0.396060  0.910111 -0.000000
																		 0.000000  0.000000  0.000000  1.000000
																	</Matrix4> 
																	<NodeList num="1">
																		<Node name="Lefft.Small.Finger_end"> 
																			<Matrix4> 
																				 1.000000  0.000000  0.000000  0.000000
																				 0.000000  1.000000  0.000000  0.322831
																				 0.000000  0.000000  1.000000  0.000000
																				 0.000000  0.000000  0.000000  1.000000
																			</Matrix4> 
																		</Node>
																	</NodeList>
																</Node>
															</NodeList>
														</Node>
													</NodeList>
												</Node>
											</NodeList>
										</Node>
									</NodeList>
								</Node>
								<Node name="Right.Shoulder.Bone"> 
									<Matrix4> 
										-0.296021 -0.913766 -0.278213  0.003021
										 0.954721 -0.292091 -0.056481  1.138612
										-0.029653 -0.282336  0.958857  0.000004
										 0.000000  0.000000  0.000000  1.000000
									</Matrix4> 
									<NodeList num="1">
										<Node name="Right.Arm.Bone"> 
											<Matrix4> 
												 0.976788 -0.210510  0.039626  0.000000
												 0.213277  0.938547 -0.271371  0.535777
												 0.019935  0.273524  0.961659  0.000000
												 0.000000  0.000000  0.000000  1.000000
											</Matrix4> 
											<NodeList num="1">
												<Node name="Right.Forearm.Bone"> 
													<Matrix4> 
														 0.999555 -0.016158 -0.025090  0.000000
														 0.017167  0.999029  0.040563  1.332658
														 0.024411 -0.040976  0.998862  0.000000
														 0.000000  0.000000  0.000000  1.000000
													</Matrix4> 
													<NodeList num="4">
														<Node name="Right.Thumb.Bone.Base"> 
															<Matrix4> 
																 0.963198 -0.263182  0.054639  0.000000
																 0.239165  0.746358 -0.621088  1.753180
																 0.122679  0.611298  0.781834 -0.000000
																 0.000000  0.000000  0.000000  1.000000
															</Matrix4> 
															<NodeList num="1">
																<Node name="Right.Thumb.Bone"> 
																	<Matrix4> 
																		 0.980037  0.158749 -0.119692  0.000000
																		-0.116521  0.946422  0.301178  0.363230
																		 0.161090 -0.281219  0.946026 -0.000000
																		 0.000000  0.000000  0.000000  1.000000
																	</Matrix4> 
																	<NodeList num="1">
																		<Node name="Right.Thumb.Bone_end"> 
																			<Matrix4> 
																				 1.000000  0.000000  0.000000  0.000000
																				 0.000000  1.000000  0.000000  0.317977
																				 0.000000  0.000000  1.000000  0.000000
																				 0.000000  0.000000  0.000000  1.000000
																			</Matrix4> 
																		</Node>
																	</NodeList>
																</Node>
															</NodeList>
														</Node>
														<Node name="Right.Index.Finger.Base"> 
															<Matrix4> 
																 0.998384  0.056013 -0.009557  0.000000
																-0.056818  0.986191 -0.155563  1.753180
																 0.000711  0.155854  0.987780 -0.000000
																 0.000000  0.000000  0.000000  1.000000
															</Matrix4> 
															<NodeList num="1">
																<Node name="Right.Index.Finger"> 
																	<Matrix4> 
																		 0.999966  0.008199  0.000293 -0.000000
																		-0.008121  0.984100  0.177428  0.489989
																		 0.001166 -0.177424  0.984134 -0.000000
																		 0.000000  0.000000  0.000000  1.000000
																	</Matrix4> 
																	<NodeList num="1">
																		<Node name="Right.Index.Finger_end"> 
																			<Matrix4> 
																				 1.000000  0.000000  0.000000  0.000000
																				 0.000000  1.000000  0.000000  0.462370
																				 0.000000  0.000000  1.000000  0.000000
																				 0.000000  0.000000  0.000000  1.000000
																			</Matrix4> 
																		</Node>
																	</NodeList>
																</Node>
															</NodeList>
														</Node>
														<Node name="Right.MIddle.Finger.Base"> 
															<Matrix4> 
																 0.998733  0.050321  0.000008  0.000000
																-0.050253  0.997369  0.052245  1.753180
																 0.002621 -0.052179  0.998634 -0.000000
																 0.000000  0.000000  0.000000  1.000000
															</Matrix4> 
															<NodeList num="1">
																<Node name="Right.MIddle.Finger"> 
																	<Matrix4> 
																		 0.998884  0.047187 -0.001772 -0.000000
																		-0.047219  0.997871 -0.044994  0.519621
																		-0.000355  0.045028  0.998986  0.000000
																		 0.000000  0.000000  0.000000  1.000000
																	</Matrix4> 
																	<NodeList num="1">
																		<Node name="Right.MIddle.Finger_end"> 
																			<Matrix4> 
																				 1.000000  0.000000  0.000000  0.000000
																				 0.000000  1.000000  0.000000  0.498318
																				 0.000000  0.000000  1.000000  0.000000
																				 0.000000  0.000000  0.000000  1.000000
																			</Matrix4> 
																		</Node>
																	</NodeList>
																</Node>
															</NodeList>
														</Node>
														<Node name="Right.Ring.Finger.Base"> 
															<Matrix4> 
																 0.999584  0.002550 -0.028736  0.000000
																 0.004552  0.969669  0.244379  1.753180
																 0.028488 -0.244408  0.969254 -0.000000
																 0.000000  0.000000  0.000000  1.000000
															</Matrix4> 
															<NodeList num="1">
																<Node name="Right.Ring.Finger"> 
																	<Matrix4> 
																		 0.994742  0.100834  0.017903  0.000000
																		-0.092728  0.961023 -0.260454  0.507556
																		-0.043468  0.257424  0.965320 -0.000000
																		 0.000000  0.000000  0.000000  1.000000
																	</Matrix4> 
																	<NodeList num="1">
																		<Node name="Right.Ring.Finger_end"> 
																			<Matrix4> 
																				 1.000000  0.000000  0.000000  0.000000
																				 0.000000  1.000000  0.000000  0.460391
																				 0.000000  0.000000  1.000000  0.000000
																				 0.000000  0.000000  0.000000  1.000000
																			</Matrix4> 
																		</Node>
																	</NodeList>
																</Node>
															</NodeList>
														</Node>
													</NodeList>
												</Node>
											</NodeList>
										</Node>
									</NodeList>
								</Node>
							</NodeList>
						</Node>
						<Node name="Femur.Bone"> 
							<Matrix4> 
								 0.000000 -0.000000 -1.000000  0.000000
								 0.000000 -1.000000  0.000000 -0.011200
								-1.000000 -0.000000 -0.000000  0.000000
								 0.000000  0.000000  0.000000  1.000000
							</Matrix4> 
							<NodeList num="2">
								<Node name="Left.Thigh.Bone"> 
									<Matrix4> 
										 0.998191 -0.060119 -0.000983  0.000000
										 0.060100  0.998099 -0.013627  0.648657
										 0.001801  0.013543  0.999907 -0.451157
										 0.000000  0.000000  0.000000  1.000000
									</Matrix4> 
									<NodeList num="1">
										<Node name="Left.Shin.Bone"> 
											<Matrix4> 
												 0.995482  0.093031 -0.019014 -0.000000
												-0.092154  0.994828  0.042729  2.567063
												 0.022890 -0.040784  0.998906 -0.000000
												 0.000000  0.000000  0.000000  1.000000
											</Matrix4> 
											<NodeList num="1">
												<Node name="Left.Foot.Bone"> 
													<Matrix4> 
														 0.183714 -0.982541  0.029370  0.000000
														 0.982413  0.182512 -0.039425  2.965454
														 0.033376  0.036097  0.998791  0.000000
														 0.000000  0.000000  0.000000  1.000000
													</Matrix4> 
													<NodeList num="1">
														<Node name="Left.Foot.Bone_end"> 
															<Matrix4> 
																 1.000000  0.000000  0.000000  0.000000
																 0.000000  1.000000  0.000000  1.169682
																 0.000000  0.000000  1.000000  0.000000
																 0.000000  0.000000  0.000000  1.000000
															</Matrix4> 
														</Node>
													</NodeList>
												</Node>
											</NodeList>
										</Node>
									</NodeList>
								</Node>
								<Node name="Right.Thigh.Bone"> 
									<Matrix4> 
										-0.997931 -0.062945 -0.013068 -0.000000
										-0.063053  0.997977  0.008044  0.648657
										 0.012535  0.008851 -0.999882  0.410546
										 0.000000  0.000000  0.000000  1.000000
									</Matrix4> 
									<NodeList num="1">
										<Node name="Right.Shin.Bone"> 
											<Matrix4> 
												 0.994191 -0.102154  0.033884 -0.000000
												 0.102408  0.994725 -0.005860  2.578867
												-0.033106  0.009296  0.999408 -0.000000
												 0.000000  0.000000  0.000000  1.000000
											</Matrix4> 
											<NodeList num="1">
												<Node name="Right.Foot.Bone"> 
													<Matrix4> 
														 0.189277  0.981494 -0.029053 -0.000000
														-0.981491  0.188233 -0.035272  2.951664
														-0.029151  0.035192  0.998955 -0.000000
														 0.000000  0.000000  0.000000  1.000000
													</Matrix4> 
													<NodeList num="1">
														<Node name="Right.Foot.Bone_end"> 
															<Matrix4> 
																 1.000000  0.000000  0.000000  0.000000
																 0.000000  1.000000  0.000000  1.169682
																 0.000000  0.000000  1.000000  0.000000
																 0.000000  0.000000  0.000000  1.000000
															</Matrix4> 
														</Node>
													</NodeList>
												</Node>
											</NodeList>
										</Node>
									</NodeList>
								</Node>
							</NodeList>
						</Node>
					</NodeList>
				</Node>
			</NodeList>
		</Node>
	</NodeList>
</Node>
</Scene>
</ASSIMP>